0.20154
