0.3357
